Running with arguments: grid size=10, num agents=90
0 0 0 0 0 0 0 0 0 0 
0 1 1 2 3 5 8 13 21 0 
0 1 3 8 21 55 144 377 987 590 
0 2 8 34 144 610 590 976 506 9 
0 3 21 144 987 783 506 765 861 277 
0 5 55 610 783 250 542 230 81 124 
0 8 144 590 506 542 277 456 952 728 
0 13 377 976 765 230 456 493 795 617 
0 21 987 506 861 81 952 795 521 761 
0 0 590 9 277 124 728 617 761 0 

